matchId,squadId,GS,GA,WA,C,WD,GD,GK,startingTime,finishTime,teamStartScore,teamEndScore,oppStartScore,oppEndScore,duration,plusMinus,plusMinusPer60
80120802,806,80064,80072,80075,80069,80163,80068,80038,0,3131,0,56,0,35,3131,21,24.145640370488664
80120802,806,80064,80072,80075,80069,80163,80162,80068,3131,3622,56,60,35,44,491,-5,-36.65987780040733
80120802,801,80295,80003,80067,80014,80048,80006,80010,0,1811,0,23,0,31,1811,-8,-15.90281612368857
80120802,801,80295,80003,80067,80014,80006,80048,80010,1811,2279,23,27,31,40,468,-5,-38.46153846153846
80120802,801,80295,80003,80067,80014,80048,80006,80010,2279,2297,27,27,40,40,18,0,0.0
80120802,801,80295,80003,80067,80001,80048,80006,80010,2297,2310,27,27,40,41,13,-1,-276.9230769230769
80120802,801,80295,80067,80003,80001,80048,80006,80010,2310,2361,27,27,41,42,51,-1,-70.58823529411765
80120802,801,80295,80067,80003,80014,80048,80006,80010,2361,2403,27,28,42,42,42,1,85.71428571428572
80120802,801,80295,80067,80001,80014,80048,80006,80010,2403,3622,28,44,42,60,1219,-2,-5.9064807219032
