matchId,squadId,GS,GA,WA,C,WD,GD,GK,startingTime,finishTime,teamStartScore,teamEndScore,oppStartScore,oppEndScore,duration,plusMinus,plusMinusPer60,oppSquadId
113910603,8118,80150,1019169,995217,80701,1001356,80470,991899,0,1272,0,21,0,26,1272,-5,-14.150943396226417,806
113910603,8118,80150,1019169,995217,80701,1001356,993358,991899,1272,1317,21,22,26,26,45,1,80.0,806
113910603,8118,80150,1019169,995217,80701,1001356,993358,80470,1317,1800,22,32,26,36,483,0,0.0,806
113910603,8118,80150,1019169,995217,80701,993358,80470,991899,1800,2070,32,35,36,41,270,-2,-26.666666666666668,806
113910603,8118,1019169,80150,995217,80701,993358,80470,991899,2070,2295,35,36,41,44,225,-2,-32.0,806
113910603,8118,1019169,80150,995217,80701,993358,80470,1013638,2295,3600,36,51,44,63,1305,-4,-11.03448275862069,806
113910603,806,1001944,999128,1001846,80439,80574,1003784,998404,0,1800,0,36,0,32,1800,4,8.0,8118
113910603,806,1001944,999128,1009742,80439,80574,1003784,998404,1800,3220,36,56,32,49,1420,3,7.6056338028169,8118
113910603,806,1001944,1001711,1009742,80439,80574,1003784,998404,3220,3600,56,63,49,51,380,5,47.36842105263158,8118
